=======================================================
                    Sorted Data                     
=======================================================

-------------------------------------------------------------------------------------------
 |         ID |        Age |       Math |    Science |      Malay |    Physics |  Chemistry
-------------------------------------------------------------------------------------------
 |   11920111 |         20 |          1 |         87 |         75 |         75 |         75 |
-------------------------------------------------------------------------------------------
 |   11920111 |         21 |         10 |         86 |         73 |         73 |         73 |
-------------------------------------------------------------------------------------------
 |   11920111 |         22 |         20 |         85 |         77 |         77 |         77 |
-------------------------------------------------------------------------------------------
 |   11920111 |         23 |         30 |         84 |         74 |         74 |         74 |
-------------------------------------------------------------------------------------------
 |   11920111 |         24 |         40 |         83 |         79 |         79 |         79 |
-------------------------------------------------------------------------------------------
 |   11920134 |         29 |         90 |         81 |         78 |         56 |         75 |
-------------------------------------------------------------------------------------------
 |   11920134 |         29 |         90 |         81 |         78 |         56 |         75 |
-------------------------------------------------------------------------------------------
 |   11920134 |         29 |         90 |         81 |         78 |         56 |         75 |
-------------------------------------------------------------------------------------------
 |   11920134 |         29 |         90 |         81 |         78 |         56 |         75 |
-------------------------------------------------------------------------------------------
 |   11920134 |         29 |         90 |         81 |         78 |         56 |         75 |
-------------------------------------------------------------------------------------------
 |   11920134 |         29 |         80 |         81 |         78 |         78 |         65 |
-------------------------------------------------------------------------------------------
 |   11920134 |         29 |         80 |         81 |         78 |         78 |         65 |
-------------------------------------------------------------------------------------------
 |   11920134 |         29 |         80 |         81 |         78 |         78 |         65 |
-------------------------------------------------------------------------------------------
 |   11920134 |         29 |         80 |         84 |         78 |         78 |         65 |
-------------------------------------------------------------------------------------------
 |   11920134 |         29 |         70 |         81 |         78 |         55 |         55 |
-------------------------------------------------------------------------------------------
 |   11920134 |         33 |         80 |         83 |         73 |         72 |         63 |
-------------------------------------------------------------------------------------------
 |   11920134 |         69 |         40 |         81 |         78 |         44 |         44 |
-------------------------------------------------------------------------------------------
 |   11920115 |         98 |         20 |         84 |         80 |         66 |         66 |
-------------------------------------------------------------------------------------------
