=======================================================
                  Science vs Malay                 
                   A         B                 
=======================================================

=======================================================
| Student ID |    A |    B |    AB |    A2 |     B2 | 
=======================================================
|   11920111 |   87 |   75 |  6525 |  7569 |   5625 | 
|   11920111 |   86 |   73 |  6278 |  7396 |   5329 | 
|   11920111 |   85 |   77 |  6545 |  7225 |   5929 | 
|   11920111 |   84 |   74 |  6216 |  7056 |   5476 | 
|   11920111 |   83 |   79 |  6557 |  6889 |   6241 | 
|   11920115 |   84 |   80 |  6720 |  7056 |   6400 | 
|   11920134 |   81 |   78 |  6318 |  6561 |   6084 | 
|   11920134 |   81 |   78 |  6318 |  6561 |   6084 | 
|   11920134 |   84 |   78 |  6552 |  7056 |   6084 | 
|   11920134 |   83 |   73 |  6059 |  6889 |   5329 | 
|   11920134 |   81 |   78 |  6318 |  6561 |   6084 | 
|   11920134 |   81 |   78 |  6318 |  6561 |   6084 | 
|   11920134 |   81 |   78 |  6318 |  6561 |   6084 | 
|   11920134 |   81 |   78 |  6318 |  6561 |   6084 | 
=======================================================
|      Total | -1.57562e+33 | 1077 | 89360 |  -nan |   -nan | 
=======================================================

