=======================================================
                  Math vs Malay                 
                   A         B                 
=======================================================

=======================================================
| Student ID |    A |    B |    AB |    A2 |     B2 | 
=======================================================
|   11920111 |    1 |   75 |    75 |     1 |   5625 | 
|   11920111 |   10 |   73 |   730 |   100 |   5329 | 
|   11920111 |   20 |   77 |  1540 |   400 |   5929 | 
|   11920111 |   30 |   74 |  2220 |   900 |   5476 | 
|   11920111 |   40 |   79 |  3160 |  1600 |   6241 | 
|   11920115 |   20 |   80 |  1600 |   400 |   6400 | 
|   11920134 |   70 |   78 |  5460 |  4900 |   6084 | 
|   11920134 |   40 |   78 |  3120 |  1600 |   6084 | 
|   11920134 |   80 |   78 |  6240 |  6400 |   6084 | 
|   11920134 |   80 |   73 |  5840 |  6400 |   5329 | 
|   11920134 |   80 |   78 |  6240 |  6400 |   6084 | 
|   11920134 |   80 |   78 |  6240 |  6400 |   6084 | 
|   11920134 |   80 |   78 |  6240 |  6400 |   6084 | 
|   11920134 |   90 |   78 |  7020 |  8100 |   6084 | 
=======================================================
|      Total |  721 | 1077 | 55721.1 |  -nan |   -nan | 
=======================================================

