=======================================================
                  Chemistry vs Chemistry                 
                   A         B                 
=======================================================

=======================================================
| Student ID |          A |          B |         AB |         A2 |         B2 | 
=======================================================
|   11920111 |         75 |         75 |       5625 |       5625 |       5625 | 
|   11920111 |         73 |         73 |       5329 |       5329 |       5329 | 
|   11920111 |         77 |         77 |       5929 |       5929 |       5929 | 
|   11920111 |         74 |         74 |       5476 |       5476 |       5476 | 
|   11920111 |         79 |         79 |       6241 |       6241 |       6241 | 
|   11920115 |         66 |         66 |       4356 |       4356 |       4356 | 
|   11920134 |         55 |         55 |       3025 |       3025 |       3025 | 
|   11920134 |         44 |         44 |       1936 |       1936 |       1936 | 
|   11920134 |         65 |         65 |       4225 |       4225 |       4225 | 
|   11920134 |         63 |         63 |       3969 |       3969 |       3969 | 
|   11920134 |         65 |         65 |       4225 |       4225 |       4225 | 
|   11920134 |         65 |         65 |       4225 |       4225 |       4225 | 
|   11920134 |         65 |         65 |       4225 |       4225 |       4225 | 
|   11920134 |         75 |         75 |       5625 |       5625 |       5625 | 
=======================================================
|      Total |        941 |        941 |      64411 |      64411 |      64411 | 
=======================================================

