=======================================================
                  Math vs Physics                 
                   A         B                 
=======================================================

=======================================================
| Student ID |          A |          B |         AB |         A2 |         B2 | 
=======================================================
|   11920111 |          1 |         75 |         75 |          1 |       5625 | 
|   11920111 |         10 |         73 |        730 |        100 |       5329 | 
|   11920111 |         20 |         77 |       1540 |        400 |       5929 | 
|   11920111 |         30 |         74 |       2220 |        900 |       5476 | 
|   11920111 |         40 |         79 |       3160 |       1600 |       6241 | 
|   11920115 |         20 |         66 |       1320 |        400 |       4356 | 
|   11920134 |         70 |         55 |       3850 |       4900 |       3025 | 
|   11920134 |         40 |         44 |       1760 |       1600 |       1936 | 
|   11920134 |         80 |         78 |       6240 |       6400 |       6084 | 
|   11920134 |         80 |         72 |       5760 |       6400 |       5184 | 
|   11920134 |         80 |         78 |       6240 |       6400 |       6084 | 
|   11920134 |         80 |         78 |       6240 |       6400 |       6084 | 
|   11920134 |         80 |         78 |       6240 |       6400 |       6084 | 
|   11920134 |         90 |         56 |       5040 |       8100 |       3136 | 
=======================================================
|      Total | 5.18429e+12 |        983 |      50415 |      50001 | 5.18421e+12 | 
=======================================================

