=======================================================
                  Physics vs Physics                 
                   A         B                 
=======================================================

=======================================================
| Student ID |          A |          B |         AB |         A2 |         B2 | 
=======================================================
|   11920111 |         75 |         75 |       5625 |       5625 |       5625 | 
|   11920111 |         73 |         73 |       5329 |       5329 |       5329 | 
|   11920111 |         77 |         77 |       5929 |       5929 |       5929 | 
|   11920111 |         74 |         74 |       5476 |       5476 |       5476 | 
|   11920111 |         79 |         79 |       6241 |       6241 |       6241 | 
|   11920115 |         66 |         66 |       4356 |       4356 |       4356 | 
|   11920134 |         55 |         55 |       3025 |       3025 |       3025 | 
|   11920134 |         44 |         44 |       1936 |       1936 |       1936 | 
|   11920134 |         78 |         78 |       6084 |       6084 |       6084 | 
|   11920134 |         72 |         72 |       5184 |       5184 |       5184 | 
|   11920134 |         78 |         78 |       6084 |       6084 |       6084 | 
|   11920134 |         78 |         78 |       6084 |       6084 |       6084 | 
|   11920134 |         78 |         78 |       6084 |       6084 |       6084 | 
|   11920134 |         56 |         56 |       3136 |       3136 |       3136 | 
=======================================================================================================
|      Total | 1.48254e+30 |        983 |      70573 |       -nan |       -nan | 
=======================================================================================================

