=========================================================================================================
                  Malay vs Physics                 
                   A         B                 
=========================================================================================================

=========================================================================================================
|     Student ID |              A |              B |             AB |             A2 |             B2 | 
=========================================================================================================
|       11920111 |             75 |             75 |           5625 |           5625 |           5625 | 
|       11920111 |             73 |             73 |           5329 |           5329 |           5329 | 
|       11920111 |             77 |             77 |           5929 |           5929 |           5929 | 
|       11920111 |             74 |             74 |           5476 |           5476 |           5476 | 
|       11920111 |             79 |             79 |           6241 |           6241 |           6241 | 
|       11920115 |             80 |             66 |           5280 |           6400 |           4356 | 
|       11920134 |             78 |             55 |           4290 |           6084 |           3025 | 
|       11920134 |             78 |             44 |           3432 |           6084 |           1936 | 
|       11920134 |             78 |             78 |           6084 |           6084 |           6084 | 
|       11920134 |             73 |             72 |           5256 |           5329 |           5184 | 
|       11920134 |             78 |             78 |           6084 |           6084 |           6084 | 
|       11920134 |             78 |             78 |           6084 |           6084 |           6084 | 
|       11920134 |             78 |             78 |           6084 |           6084 |           6084 | 
|       11920134 |             78 |             56 |           4368 |           6084 |           3136 | 
|       11920134 |             78 |             56 |           4368 |           6084 |           3136 | 
|       11920134 |             78 |             56 |           4368 |           6084 |           3136 | 
|       11920134 |             78 |             56 |           4368 |           6084 |           3136 | 
|       11920134 |             78 |             56 |           4368 |           6084 |           3136 | 
=========================================================================================================
|          Total |   -4.23309e+21 |           1207 |          93034 |           -nan |          83117 | 
=========================================================================================================

