=========================================================================================================
                  Math vs Science                 
                   A         B                 
=========================================================================================================

=========================================================================================================
|     Student ID |              A |              B |             AB |             A2 |             B2 | 
=========================================================================================================
|       11920111 |              1 |             87 |             87 |              1 |           7569 | 
|       11920111 |             10 |             86 |            860 |            100 |           7396 | 
|       11920111 |             20 |             85 |           1700 |            400 |           7225 | 
|       11920111 |             30 |             84 |           2520 |            900 |           7056 | 
|       11920111 |             40 |             83 |           3320 |           1600 |           6889 | 
|       11920115 |             20 |             84 |           1680 |            400 |           7056 | 
|       11920134 |             70 |             81 |           5670 |           4900 |           6561 | 
|       11920134 |             40 |             81 |           3240 |           1600 |           6561 | 
|       11920134 |             80 |             84 |           6720 |           6400 |           7056 | 
|       11920134 |             80 |             83 |           6640 |           6400 |           6889 | 
|       11920134 |             80 |             81 |           6480 |           6400 |           6561 | 
|       11920134 |             80 |             81 |           6480 |           6400 |           6561 | 
|       11920134 |             80 |             81 |           6480 |           6400 |           6561 | 
|       11920134 |             90 |             81 |           7290 |           8100 |           6561 | 
|       11920134 |             90 |             81 |           7290 |           8100 |           6561 | 
|       11920134 |             90 |             81 |           7290 |           8100 |           6561 | 
|       11920134 |             90 |             81 |           7290 |           8100 |           6561 | 
|       11920134 |             90 |             81 |           7290 |           8100 |           6561 | 
=========================================================================================================
|          Total |           1081 |           1486 |          88327 |          82401 |         122746 | 
=========================================================================================================

